907900
1033900
1432500
1347300
171800
319900
214200
267800
308200
257200
355100
91700
548500
449700
381300
492500
297999
340700
239699
161200
166000
216100
300601
275900
392700
295600
247200
343300
250300
186600
133400
296300
233100
330700
263800
349800
291000
225000
374600
354700
380800
318900
144100
407900
327300
261500
342400
211900
246100
186700
311000
135100
302000
440900
325500
402300
276700
159100
309400
210500
216600
267600
365000
328200
389500
154100
309300
362000
331400
361700
274700
378000
369000
262900
298700
360000
302800
336200
360000
122500
165800
319600
220200
278100
286100
372300
343300
256700
152500
103600
35500
347300
288900
376600
200500
382100
207900
272600
133500
158600
397700
314500
432200
374600
190200
245200
311800
152900
295000
384400
333700
251900
404400
184000
287100
331000
296100
342600
168600
239600
285600
334200
363100
245000
282000
354300
329500
120700
207800
305100
260500
345100
340300
212699
281900
139100
297500
366900
128400
181100
367699
324000
396600
292801
340700
292800
235400
180500
199200
309800
254900
126800
312600
285100
172300
222900
260100
358900
380200
290700
319600
199000
231100
165500
171400
302900
344400
216500
385300
288200
323400
254000
272400
346200
121000
320900
366800
382100
287900
238600
225000
345300
256800
318900
1100
371500
382200
600
345500
238800
348100
143500
203600
333000
286000
273800
248800
87500
377900
316000
261300
222700
341600
312600
259100
186400
337100
121900
352400
320300
231800
268300
361500
346500
234700
275400
263900
202000
372600
358500
379400
242000
354200
293000
264100
377600
410500
301800
376700
273700
328100
235200
334300
285800
424500
395200
347900
208400
309900
247500
314600
354800
275200
212400
152000
191000
247500
284000
372900
276300
230700
331800
344600
410800
309400
254300
189400
340300
297900
253200
308300
192600
269200
148200
347600
359300
272300
251900
332300
294700
233700
187300
318200
158300
343800
225400
216500
323500
167400
131600
275700
335500
392200
360400
301000
374900
394900
239600
456600
350700
286600
310800
300900
395200
369100
261000
211600
258200
335600
310500
188300
310100
280300
220600
346000
416200
310600
401100
324800
240800
71000
363800
298600
237400
330700
191500
193500
246000
320700
309200
368800
228700
270000
328800
292200
179900
225500
323900
169900
314700
275900
210000
299800
242400
187400
321900
314300
230900
281200
178500
287500
345100
245300
391300
309300
360700
227500
254400
270600
351900
309600
409000
154800
212600
348500
277800
423700
355400
303700
412400
309300
140000
430300
385300
378100
296201
339400
260600
351700
311700
236499
285900
328900
180000
283500
209900
183600
225499
307101
358000
355000
229600
314100
170099
308099
161400
222000
131901
383899
359899
242900
301000
406800
404799
330599
299299
277000
320200
192400
227300
