739000
827600
695200
804700
387500
230800
372500
328700
174900
128100
286000
345700
363500
227700
269900
313400
247900
216700
346500
306900
230900
358700
282000
301600
83500
140500
269200
219600
271800
305500
418200
377400
273600
198100
136900
293000
170100
272700
226800
121600
355700
123300
285700
341900
277400
222700
324300
182000
342500
322500
217800
266400
287800
220700
350600
257600
309600
292900
197700
227800
319500
172000
362000
230300
348000
226200
290500
269900
200900
168800
318400
278000
285200
233100
202400
327000
318700
176500
22900
219700
236000
182500
312000
149200
291700
213400
237400
343500
252400
278000
363400
332700
343300
209800
305000
150900
238500
350200
311400
197400
188800
328400
399800
415100
325800
213200
252600
344000
330900
274800
236400
358300
106300
267700
197000
172800
325000
269400
384800
374800
336200
167800
223200
323300
305100
234100
182500
343700
300300
297100
232300
191500
256000
208800
336200
383300
294400
352000
367300
256600
351200
167200
493700
165500
360300
257600
186300
291100
236900
197200
366900
293500
223800
158800
267900
120300
296900
338200
226300
272900
246400
337700
195100
280700
343300
242699
281600
355200
156100
288001
224900
310400
218500
345601
263601
335301
232700
271001
344700
330600
286100
323900
153101
207301
199000
283599
178101
317000
296000
353500
220100
131600
260401
167900
306499
133100
358200
332099
195900
265200
274401
228200
317801
374000
303999
333501
194000
237600
278300
155600
220900
219400
181900
337001
370700
232200
145100
210300
79501
292100
204400
341899
319101
246500
184699
122600
200401
260599
296500
148399
195101
255601
200500
292800
162300
262700
180700
126800
277100
227400
357400
238100
275000
344900
314700
329900
247100
187700
196300
246900
342800
305300
269200
111100
175900
222900
260500
234000
295900
332600
345100
224500
258800
312700
285200
253900
359000
381900
218300
320400
361000
261000
222900
281000
145200
395300
405300
361200
318200
273800
228300
339500
279400
339900
406100
240900
309200
370600
286800
326600
212400
369000
411500
374800
303600
268000
226200
358200
338500
294000
240100
297600
345800
160700
199100
321900
155800
346500
283300
228800
344500
186500
441600
425300
378800
380500
304000
224700
345300
179200
380300
295500
334400
403800
239600
83100
301400
148800
134600
288600
200400
266000
183900
231400
301300
319100
239900
381800
349300
281700
260600
319600
202400
278000
323500
337000
226600
279400
334000
248900
190200
146400
348300
265700
387800
314500
242500
321200
406700
193300
304800
419400
386400
269300
437800
396700
488000
350500
346300
269400
325800
225100
282600
324400
183500
224300
222500
269800
305200
364400
319100
273700
240400
309000
346200
213800
118800
309100
376200
327600
275800
443700
203100
284800
316600
158600
212500
314300
351400
239300
